100
-67317 -79563
-8050 38551
-18426 38298
-222 -30847
26435 -94929
-96711 -25960
-12305 24654
-1921 -2994
99456 -33363
-98396 7395
59903 63445
-91070 -10872
-74456 26031
-75919 -44156
57760 22993
-7379 -7956
-5441 -71386
-96422 -25767
-41957 -47305
-73915 79939
48234 80220
-23378 -24681
52096 19836
88658 -29995
57282 84370
-20297 67423
21972 -9729
42073 -36851
-47535 -8135
-7518 -90552
-4067 97628
-95181 -19933
71561 -30657
-52562 54632
75997 -70028
66580 37183
-29278 -83623
71827 65703
-44179 36208
-12873 -55232
62079 -69407
-1195 -78483
-36672 -44968
19351 -42391
87376 -82077
-69407 -63263
-94320 -48879
79636 -48350
20107 88664
-35935 83809
44299 38790
-74693 -23023
9560 -65561
-20034 -42364
-95420 -63379
24155 -81118
41856 51341
-19346 -47549
63949 -837
-28327 -67821
-20822 82629
67211 -69718
40592 5408
6785 -16628
-3023 -63671
-89877 55267
-61471 51439
-47922 -6948
28455 -53057
91476 60531
23458 52567
-9303 -83022
51365 87744
-72433 98497
2861 -36977
82599 65155
78734 7999
-9900 69613
17980 1999
64714 61379
-15398 -3215
62026 -63991
-4754 3643
77695 90982
-76829 19500
79924 47336
61637 72176
-18571 93132
18421 20967
-1718 -84233
39766 -34854
-75826 99037
-38825 -82018
-78286 97286
-48569 61002
-89836 87301
-58952 26733
-27595 -22684
82896 -31114
23835 88970
